#b87333
-40.0, 48.0
-38.0, 47.0
-36.0, 47.0
-32.0, 45.0
-27.0, 45.0
-24.0, 43.0
-22.0, 43.0
-19.0, 42.0
-16.0, 42.0
-13.0, 42.0
-11.0, 39.0
-9.0, 39.0
-6.0, 39.0
-1.0, 39.0
3.0, 40.0
10.0, 41.0
11.0, 45.0
14.0, 48.0
18.0, 50.0
18.0, 54.0
20.0, 59.0
22.0, 64.0
23.0, 68.0
23.0, 72.0
23.0, 75.0
22.0, 79.0
22.0, 82.0
21.0, 86.0
18.0, 89.0
16.0, 93.0
16.0, 97.0
15.0, 101.0
11.0, 104.0
11.0, 108.0
9.0, 112.0
9.0, 114.0
4.0, 118.0
-1.0, 120.0
-5.0, 122.0
-11.0, 124.0
-12.0, 125.0
-15.0, 125.0
-17.0, 125.0
-19.0, 125.0
-20.0, 125.0
-23.0, 125.0
-24.0, 125.0
-26.0, 125.0
-29.0, 125.0
-31.0, 125.0
-33.0, 125.0
-38.0, 121.0
-40.0, 119.0
-42.0, 119.0
-46.0, 114.0
-48.0, 114.0
-52.0, 112.0
-53.0, 110.0
-53.0, 108.0
-53.0, 107.0
-53.0, 103.0
-54.0, 102.0
-58.0, 96.0
-58.0, 93.0
-57.0, 90.0
-57.0, 88.0
-57.0, 87.0
-57.0, 86.0
-57.0, 82.0
-57.0, 79.0
-55.0, 78.0
-55.0, 75.0
-55.0, 73.0
-54.0, 71.0
-53.0, 68.0
-53.0, 66.0
-53.0, 63.0
-51.0, 61.0
-50.0, 59.0
-47.0, 57.0
-46.0, 53.0
-45.0, 51.0
-43.0, 51.0
-41.0, 49.0