#ff55a3
-61.0, 171.0
-44.0, 172.0
-42.0, 172.0
-42.0, 172.0
-42.0, 170.0
-40.0, 169.0
-38.0, 169.0
-37.0, 169.0
-36.0, 169.0
-34.0, 170.0
-33.0, 170.0
-32.0, 170.0
-31.0, 172.0
-31.0, 172.0
-30.0, 174.0
-29.0, 176.0
-27.0, 177.0
-27.0, 177.0
-25.0, 177.0
-24.0, 177.0
-23.0, 177.0
-21.0, 177.0
-18.0, 177.0
-15.0, 175.0
-11.0, 174.0
-11.0, 174.0
-7.0, 174.0
-1.0, 171.0
1.0, 171.0
4.0, 170.0
6.0, 170.0
9.0, 169.0
11.0, 169.0
15.0, 168.0
18.0, 166.0
20.0, 165.0
23.0, 165.0
24.0, 165.0
25.0, 163.0
29.0, 161.0
30.0, 156.0
32.0, 154.0
34.0, 151.0
34.0, 149.0
34.0, 149.0
31.0, 146.0
27.0, 142.0
24.0, 140.0
23.0, 139.0
24.0, 136.0
29.0, 123.0
30.0, 119.0
33.0, 114.0
34.0, 110.0
37.0, 106.0
41.0, 96.0
42.0, 92.0
43.0, 86.0
45.0, 80.0
47.0, 77.0
49.0, 72.0
52.0, 68.0
53.0, 65.0
53.0, 43.0
52.0, 46.0
49.0, 50.0
49.0, 53.0
46.0, 57.0
46.0, 60.0
43.0, 65.0
42.0, 68.0
40.0, 71.0
39.0, 74.0
38.0, 77.0
37.0, 81.0
34.0, 85.0
30.0, 89.0
30.0, 95.0
26.0, 103.0
26.0, 106.0
24.0, 112.0
22.0, 118.0
18.0, 124.0
15.0, 131.0
12.0, 134.0
12.0, 136.0
11.0, 137.0
7.0, 140.0
7.0, 142.0
0.0, 144.0
-3.0, 146.0
-8.0, 150.0
-11.0, 151.0
-13.0, 152.0
-17.0, 154.0
-20.0, 154.0
-26.0, 156.0
-28.0, 159.0
-33.0, 161.0
-35.0, 162.0
-38.0, 162.0
-39.0, 163.0
-39.0, 163.0
-40.0, 163.0
-43.0, 165.0
-47.0, 166.0
-49.0, 166.0
-51.0, 166.0
-53.0, 168.0
-55.0, 168.0