#b87333
-78.0, 48.0
-77.0, 54.0
-79.0, 61.0
-79.0, 65.0
-79.0, 69.0
-79.0, 75.0
-82.0, 82.0
-83.0, 88.0
-85.0, 95.0
-89.0, 103.0
-91.0, 107.0
-97.0, 112.0
-99.0, 112.0
-103.0, 109.0
-105.0, 104.0
-105.0, 101.0
-105.0, 97.0
-105.0, 92.0
-105.0, 88.0
-107.0, 86.0
-107.0, 82.0
-105.0, 77.0
-105.0, 74.0
-105.0, 70.0
-105.0, 66.0
-105.0, 62.0
-105.0, 59.0
-105.0, 55.0
-105.0, 50.0
-105.0, 47.0
-105.0, 45.0
-105.0, 42.0
-107.0, 37.0
-103.0, 33.0
-101.0, 31.0
-99.0, 31.0
-97.0, 32.0
-95.0, 33.0
-93.0, 34.0
-87.0, 36.0
-84.0, 37.0
-82.0, 40.0
-79.0, 42.0
-79.0, 44.0
-77.0, 45.0