#ff55a3
-56.0, -44.0
-59.0, -49.0
-59.0, -51.0
-62.0, -54.0
-62.0, -57.0
-62.0, -60.0
-63.0, -63.0
-66.0, -67.0
-68.0, -70.0
-71.0, -74.0
-72.0, -78.0
-72.0, -81.0
-72.0, -85.0
-70.0, -89.0
-68.0, -92.0
-66.0, -96.0
-62.0, -98.0
-59.0, -102.0
-56.0, -107.0
-52.0, -112.0
-48.0, -115.0
-44.0, -116.0
-40.0, -118.0
-34.0, -120.0
-30.0, -120.0
-28.0, -120.0
-26.0, -120.0
-26.0, -118.0
-23.0, -121.0
-18.0, -136.0
-14.0, -140.0
-12.0, -144.0
-12.0, -141.0
-17.0, -118.0
-20.0, -111.0
-20.0, -107.0
-18.0, -102.0
-14.0, -95.0
-10.0, -90.0
-6.0, -87.0
-3.0, -85.0
2.0, -81.0
5.0, -80.0
7.0, -78.0
13.0, -76.0
15.0, -75.0
18.0, -75.0
21.0, -75.0
24.0, -75.0
25.0, -76.0
30.0, -83.0
32.0, -88.0
30.0, -92.0
30.0, -95.0
29.0, -98.0
29.0, -102.0
29.0, -104.0
29.0, -108.0
29.0, -111.0
29.0, -115.0
29.0, -119.0
29.0, -121.0
28.0, -127.0
28.0, -132.0
28.0, -136.0
28.0, -142.0
28.0, -148.0
28.0, -155.0
28.0, -159.0
28.0, -162.0
30.0, -162.0
33.0, -162.0
37.0, -161.0
40.0, -158.0
43.0, -150.0
45.0, -146.0
49.0, -140.0
51.0, -138.0
52.0, -133.0
53.0, -130.0
56.0, -129.0
59.0, -128.0
62.0, -127.0
64.0, -127.0
65.0, -127.0
69.0, -129.0
72.0, -129.0
69.0, -123.0
66.0, -119.0
60.0, -115.0
56.0, -108.0
54.0, -104.0
49.0, -96.0
48.0, -91.0
45.0, -82.0
45.0, -78.0
40.0, -70.0
40.0, -66.0
40.0, -62.0
38.0, -56.0
34.0, -52.0
32.0, -50.0
32.0, -46.0
29.0, -44.0
26.0, -41.0
27.0, -37.0
25.0, -34.0
25.0, -34.0
19.0, -37.0
16.0, -40.0
16.0, -40.0
14.0, -40.0
12.0, -40.0
10.0, -40.0
9.0, -40.0
6.0, -40.0
3.0, -40.0
1.0, -40.0
-4.0, -43.0
-7.0, -44.0
-8.0, -44.0
-14.0, -44.0
-14.0, -44.0
-15.0, -44.0
-21.0, -47.0
-21.0, -47.0
-25.0, -47.0
-27.0, -47.0
-31.0, -46.0
-33.0, -46.0
-38.0, -46.0
-41.0, -46.0
-45.0, -45.0
-46.0, -45.0
-51.0, -44.0
-55.0, -43.0