#e1a95f
-67.0, -96.0
-47.0, -163.0
-50.0, -165.0
-52.0, -165.0
-54.0, -165.0
-60.0, -166.0
-61.0, -169.0
-63.0, -171.0
-65.0, -176.0
-65.0, -180.0
-63.0, -186.0
-62.0, -188.0
-59.0, -189.0
-57.0, -189.0
-53.0, -189.0
-16.0, -190.0
-16.0, -185.0
-16.0, -182.0
-16.0, -178.0
-16.0, -174.0
-16.0, -172.0
-14.0, -169.0
-14.0, -165.0
-14.0, -160.0
-14.0, -156.0
-14.0, -152.0
-14.0, -149.0
-14.0, -147.0
-14.0, -145.0
-14.0, -142.0
-16.0, -139.0
-17.0, -136.0
-18.0, -134.0
-18.0, -132.0
-20.0, -128.0
-20.0, -126.0
-22.0, -124.0
-22.0, -121.0
-23.0, -120.0
-23.0, -120.0
-25.0, -120.0
-27.0, -120.0
-30.0, -119.0
-30.0, -119.0
-31.0, -119.0
-33.0, -117.0
-34.0, -117.0
-37.0, -115.0
-39.0, -115.0
-41.0, -113.0
-44.0, -111.0
-47.0, -110.0
-49.0, -107.0
-49.0, -107.0
-52.0, -106.0
-54.0, -104.0
-57.0, -103.0
-59.0, -100.0
-60.0, -98.0
-62.0, -96.0
-64.0, -95.0
-65.0, -95.0