#e1a95f
-15.0, -190.0
-12.0, -191.0
-10.0, -191.0
-8.0, -192.0
-7.0, -191.0
-5.0, -191.0
-3.0, -189.0
0.0, -190.0
3.0, -190.0
7.0, -190.0
13.0, -192.0
16.0, -192.0
19.0, -191.0
21.0, -191.0
25.0, -189.0
27.0, -189.0
28.0, -187.0
28.0, -184.0
29.0, -180.0
29.0, -175.0
28.0, -169.0
25.0, -161.0
27.0, -159.0
28.0, -154.0
28.0, -151.0
28.0, -147.0
28.0, -143.0
28.0, -140.0
28.0, -137.0
28.0, -133.0
28.0, -128.0
28.0, -124.0
28.0, -119.0
28.0, -115.0
28.0, -110.0
28.0, -107.0
28.0, -103.0
28.0, -102.0
29.0, -97.0
30.0, -95.0
30.0, -92.0
31.0, -89.0
31.0, -88.0
31.0, -86.0
31.0, -84.0
30.0, -82.0
29.0, -79.0
27.0, -77.0
25.0, -75.0
22.0, -74.0
18.0, -73.0
18.0, -73.0
17.0, -73.0
15.0, -73.0
12.0, -74.0
9.0, -76.0
6.0, -77.0
3.0, -80.0
1.0, -81.0
-5.0, -85.0
-8.0, -88.0
-11.0, -90.0
-13.0, -93.0
-13.0, -94.0
-17.0, -97.0
-18.0, -101.0
-19.0, -105.0
-19.0, -108.0
-20.0, -111.0
-17.0, -121.0
-14.0, -125.0
-13.0, -129.0
-13.0, -131.0
-12.0, -134.0
-11.0, -138.0
-10.0, -141.0
-10.0, -144.0
-9.0, -147.0
-9.0, -149.0
-9.0, -151.0
-8.0, -154.0
-7.0, -158.0
-7.0, -159.0
-7.0, -162.0
-6.0, -163.0
-11.0, -167.0
-12.0, -169.0
-13.0, -169.0
-14.0, -171.0
-15.0, -173.0
-15.0, -174.0
-15.0, -176.0
-15.0, -179.0
-15.0, -184.0
-15.0, -185.0
-14.0, -187.0
-16.0, -188.0