#e1a95f
27.0, -189.0
42.0, -191.0
45.0, -191.0
47.0, -191.0
51.0, -191.0
55.0, -191.0
61.0, -191.0
69.0, -192.0
73.0, -192.0
76.0, -189.0
80.0, -185.0
84.0, -182.0
86.0, -177.0
88.0, -172.0
88.0, -168.0
87.0, -165.0
87.0, -160.0
87.0, -157.0
87.0, -154.0
88.0, -144.0
85.0, -138.0
85.0, -135.0
81.0, -132.0
78.0, -131.0
76.0, -130.0
73.0, -130.0
69.0, -128.0
66.0, -128.0
63.0, -128.0
58.0, -127.0
56.0, -127.0
56.0, -127.0
55.0, -130.0
51.0, -133.0
51.0, -136.0
51.0, -138.0
50.0, -141.0
46.0, -144.0
43.0, -148.0
43.0, -148.0
42.0, -151.0
41.0, -152.0
39.0, -155.0
39.0, -156.0
38.0, -158.0
37.0, -158.0
35.0, -160.0
34.0, -160.0
33.0, -160.0
31.0, -160.0
30.0, -160.0
29.0, -160.0
27.0, -160.0
27.0, -160.0
28.0, -189.0