white
-63.0, -190.0
-17.0, -191.0
-15.0, -188.0
-15.0, -183.0
-15.0, -179.0
-15.0, -179.0
-17.0, -176.0
-16.0, -174.0
-16.0, -171.0
-15.0, -170.0
-15.0, -168.0
-15.0, -165.0
-15.0, -162.0
-15.0, -159.0
-15.0, -156.0
-13.0, -152.0
-13.0, -150.0
-15.0, -148.0
-18.0, -147.0
-21.0, -148.0
-23.0, -152.0
-24.0, -149.0
-27.0, -146.0
-27.0, -149.0
-28.0, -151.0
-32.0, -146.0
-32.0, -145.0
-32.0, -142.0
-34.0, -142.0
-35.0, -142.0
-38.0, -142.0
-42.0, -139.0
-42.0, -139.0
-44.0, -135.0
-45.0, -133.0
-45.0, -131.0
-48.0, -133.0
-48.0, -134.0
-52.0, -133.0
-55.0, -130.0
-56.0, -129.0
-50.0, -158.0
-47.0, -164.0
-48.0, -164.0
-51.0, -164.0
-52.0, -164.0
-55.0, -164.0
-60.0, -167.0
-60.0, -167.0
-62.0, -169.0
-63.0, -171.0
-64.0, -175.0
-64.0, -177.0
-64.0, -181.0
-62.0, -183.0
-62.0, -186.0
-63.0, -188.0
-61.0, -190.0