white
-16.0, -188.0
-16.0, -180.0
-15.0, -174.0
-15.0, -172.0
-14.0, -169.0
-12.0, -166.0
-9.0, -166.0
-7.0, -165.0
-6.0, -164.0
-7.0, -162.0
-7.0, -158.0
-7.0, -155.0
-9.0, -150.0
-10.0, -148.0
-10.0, -145.0
-10.0, -143.0
-9.0, -140.0
-8.0, -139.0
-7.0, -136.0
-6.0, -134.0
-4.0, -131.0
0.0, -136.0
1.0, -133.0
3.0, -136.0
6.0, -132.0
8.0, -136.0
11.0, -132.0
12.0, -137.0
17.0, -135.0
21.0, -137.0
23.0, -140.0
24.0, -143.0
26.0, -146.0
27.0, -146.0
28.0, -184.0
28.0, -185.0
25.0, -189.0
22.0, -190.0
21.0, -190.0
18.0, -190.0
16.0, -190.0
13.0, -190.0
10.0, -190.0
6.0, -190.0
2.0, -190.0
-1.0, -190.0
-4.0, -190.0
-7.0, -190.0
-8.0, -190.0
-11.0, -190.0
-12.0, -190.0
-15.0, -189.0