white
43.0, -189.0
43.0, -186.0
43.0, -183.0
43.0, -181.0
43.0, -178.0
43.0, -176.0
43.0, -175.0
43.0, -173.0
45.0, -170.0
46.0, -170.0
48.0, -170.0
52.0, -168.0
51.0, -166.0
53.0, -161.0
53.0, -158.0
54.0, -155.0
53.0, -152.0
53.0, -152.0
53.0, -150.0
55.0, -149.0
57.0, -147.0
59.0, -143.0
61.0, -154.0
63.0, -156.0
65.0, -155.0
68.0, -151.0
69.0, -148.0
71.0, -145.0
72.0, -148.0
72.0, -151.0
72.0, -154.0
72.0, -155.0
75.0, -154.0
76.0, -154.0
77.0, -153.0
79.0, -153.0
81.0, -150.0
82.0, -149.0
84.0, -147.0
84.0, -148.0
84.0, -152.0
84.0, -153.0
84.0, -156.0
82.0, -160.0
81.0, -163.0
80.0, -167.0
80.0, -170.0
80.0, -172.0
80.0, -174.0
79.0, -180.0
77.0, -182.0
77.0, -185.0
78.0, -187.0
78.0, -189.0
75.0, -191.0
74.0, -191.0
71.0, -191.0
69.0, -191.0
68.0, -191.0
66.0, -191.0
63.0, -191.0
58.0, -191.0
56.0, -191.0
52.0, -191.0
50.0, -191.0
48.0, -191.0
47.0, -191.0
45.0, -191.0