#e1a95f
-49.0, -29.0
-47.0, -29.0
-45.0, -29.0
-39.0, -31.0
-37.0, -31.0
-33.0, -30.0
-28.0, -30.0
-24.0, -29.0
-21.0, -29.0
-19.0, -29.0
-15.0, -29.0
-13.0, -29.0
-13.0, -29.0
-11.0, -28.0
-9.0, -28.0
-7.0, -28.0
-3.0, -28.0
1.0, -27.0
2.0, -27.0
5.0, -27.0
8.0, -26.0
12.0, -22.0
14.0, -22.0
15.0, -22.0
16.0, -17.0
16.0, -15.0
17.0, -15.0
19.0, -12.0
22.0, -11.0
25.0, -8.0
30.0, -7.0
32.0, -4.0
35.0, -1.0
39.0, -0.0
43.0, 5.0
47.0, 7.0
48.0, 9.0
49.0, 12.0
51.0, 15.0
54.0, 18.0
54.0, 21.0
56.0, 22.0
56.0, 26.0
58.0, 22.0
58.0, 19.0
59.0, 17.0
62.0, 15.0
65.0, 13.0
70.0, 10.0
73.0, 10.0
74.0, 10.0
77.0, 10.0
78.0, 10.0
82.0, 10.0
83.0, 10.0
86.0, 13.0
89.0, 15.0
92.0, 17.0
94.0, 18.0
96.0, 19.0
97.0, 19.0
98.0, 20.0
101.0, 25.0
98.0, 19.0
95.0, 18.0
91.0, 14.0
86.0, 11.0
85.0, 11.0
82.0, 11.0
79.0, 11.0
77.0, 11.0
73.0, 11.0
73.0, 8.0
74.0, 6.0
77.0, 3.0
77.0, 2.0
81.0, -0.0
85.0, -1.0
88.0, -0.0
89.0, -0.0
93.0, 1.0
96.0, 1.0
99.0, 2.0
101.0, 3.0
104.0, 6.0
107.0, 8.0
110.0, 10.0
113.0, 13.0
113.0, 14.0
115.0, 18.0
118.0, 21.0
119.0, 24.0
120.0, 27.0
121.0, 29.0
121.0, 33.0
121.0, 36.0
124.0, 41.0
124.0, 43.0
124.0, 46.0
126.0, 48.0
127.0, 50.0
128.0, 53.0
128.0, 57.0
129.0, 60.0
129.0, 63.0
129.0, 66.0
129.0, 69.0
126.0, 73.0
123.0, 76.0
122.0, 79.0
120.0, 81.0
116.0, 83.0
116.0, 88.0
113.0, 89.0
110.0, 94.0
107.0, 97.0
106.0, 100.0
103.0, 102.0
99.0, 105.0
96.0, 108.0
91.0, 115.0
88.0, 119.0
84.0, 122.0
83.0, 123.0
78.0, 125.0
75.0, 129.0
73.0, 132.0
70.0, 133.0
68.0, 134.0
65.0, 137.0
63.0, 137.0
60.0, 137.0
58.0, 138.0
56.0, 138.0
52.0, 140.0
50.0, 140.0
48.0, 138.0
44.0, 138.0
43.0, 141.0
41.0, 141.0
40.0, 141.0
38.0, 142.0
37.0, 143.0
35.0, 145.0
33.0, 146.0
32.0, 149.0
32.0, 151.0
31.0, 154.0
30.0, 157.0
29.0, 157.0
29.0, 161.0
26.0, 163.0
22.0, 165.0
19.0, 165.0
18.0, 167.0
17.0, 167.0
15.0, 167.0
14.0, 167.0
12.0, 168.0
11.0, 168.0
10.0, 169.0
8.0, 169.0
5.0, 171.0
2.0, 171.0
1.0, 171.0
0.0, 171.0
-2.0, 171.0
-3.0, 171.0
-5.0, 172.0
-6.0, 172.0
-9.0, 173.0
-10.0, 173.0
-14.0, 176.0
-15.0, 176.0
-18.0, 176.0
-19.0, 176.0
-21.0, 176.0
-21.0, 176.0
-23.0, 176.0
-24.0, 176.0
-26.0, 176.0
-27.0, 175.0
-28.0, 174.0
-30.0, 172.0
-31.0, 172.0
-33.0, 170.0
-37.0, 171.0
-38.0, 171.0
-41.0, 171.0
-43.0, 173.0
-46.0, 173.0
-49.0, 173.0
-50.0, 173.0
-52.0, 173.0
-54.0, 173.0
-55.0, 173.0
-57.0, 173.0
-59.0, 173.0
-61.0, 173.0
-62.0, 173.0
-68.0, 177.0
-72.0, 171.0
-72.0, 168.0
-74.0, 167.0
-77.0, 166.0
-78.0, 166.0
-82.0, 165.0
-86.0, 163.0
-90.0, 161.0
-92.0, 159.0
-94.0, 159.0
-98.0, 155.0
-98.0, 154.0
-98.0, 151.0
-99.0, 150.0
-97.0, 149.0
-93.0, 149.0
-92.0, 149.0
-94.0, 147.0
-95.0, 145.0
-98.0, 143.0
-99.0, 139.0
-103.0, 134.0
-103.0, 129.0
-103.0, 126.0
-102.0, 121.0
-103.0, 118.0
-107.0, 115.0
-109.0, 113.0
-114.0, 107.0
-115.0, 104.0
-115.0, 103.0
-117.0, 98.0
-119.0, 94.0
-121.0, 90.0
-121.0, 87.0
-122.0, 84.0
-123.0, 81.0
-123.0, 79.0
-124.0, 75.0
-124.0, 72.0
-124.0, 70.0
-124.0, 68.0
-127.0, 61.0
-126.0, 58.0
-126.0, 55.0
-125.0, 51.0
-125.0, 46.0
-124.0, 42.0
-122.0, 40.0
-122.0, 37.0
-120.0, 33.0
-118.0, 30.0
-115.0, 25.0
-115.0, 21.0
-111.0, 16.0
-108.0, 12.0
-106.0, 11.0
-104.0, 9.0
-102.0, 6.0
-99.0, 2.0
-95.0, 6.0
-91.0, 1.0
-88.0, -1.0
-84.0, -3.0
-82.0, -6.0
-77.0, -9.0
-71.0, -12.0
-71.0, -12.0
-69.0, -12.0
-65.0, -14.0
-61.0, -15.0
-59.0, -15.0
-57.0, -17.0
-54.0, -17.0
-53.0, -17.0
-52.0, -20.0
-50.0, -18.0
-47.0, -22.0
-46.0, -25.0
-47.0, -26.0