white
-70.0, 83.0
-68.0, 78.0
-68.0, 74.0
-64.0, 66.0
-62.0, 58.0
-59.0, 55.0
-54.0, 50.0
-51.0, 48.0
-48.0, 46.0
-46.0, 46.0
-44.0, 45.0
-42.0, 44.0
-36.0, 43.0
-33.0, 42.0
-31.0, 42.0
-28.0, 40.0
-26.0, 40.0
-22.0, 39.0
-16.0, 33.0
-14.0, 28.0
-10.0, 21.0
-7.0, 16.0
-6.0, 12.0
-9.0, 6.0
-12.0, 2.0
-12.0, -2.0
-15.0, -5.0
-19.0, -8.0
-21.0, -9.0
-28.0, -9.0
-33.0, -9.0
-46.0, -10.0
-58.0, -11.0
-63.0, -10.0
-66.0, -10.0
-69.0, -9.0
-74.0, -5.0
-77.0, -2.0
-79.0, -1.0
-83.0, 2.0
-85.0, 5.0
-88.0, 9.0
-91.0, 12.0
-93.0, 16.0
-93.0, 20.0
-93.0, 24.0
-93.0, 27.0
-93.0, 29.0
-93.0, 32.0
-91.0, 34.0
-89.0, 35.0
-85.0, 39.0
-81.0, 41.0
-77.0, 44.0
-75.0, 48.0
-73.0, 52.0
-73.0, 53.0
-72.0, 57.0
-71.0, 61.0
-71.0, 65.0
-71.0, 68.0
-71.0, 72.0
-71.0, 75.0
-71.0, 82.0