black
-88.0, 10.0
-86.0, 9.0
-85.0, 9.0
-83.0, 9.0
-81.0, 8.0
-78.0, 7.0
-75.0, 5.0
-73.0, 3.0
-70.0, 2.0
-68.0, 2.0
-66.0, 2.0
-65.0, 2.0
-60.0, 1.0
-56.0, 4.0
-54.0, 4.0
-52.0, 4.0
-47.0, 5.0
-42.0, 5.0
-40.0, 8.0
-36.0, 11.0
-33.0, 12.0
-29.0, 14.0
-25.0, 16.0
-23.0, 18.0
-20.0, 18.0
-18.0, 21.0
-17.0, 23.0
-17.0, 25.0
-15.0, 23.0
-13.0, 21.0
-15.0, 22.0
-16.0, 25.0
-18.0, 26.0
-20.0, 27.0
-20.0, 27.0
-18.0, 26.0
-16.0, 25.0
-15.0, 22.0
-13.0, 21.0
-15.0, 23.0
-17.0, 25.0
-17.0, 23.0
-18.0, 21.0
-20.0, 18.0
-23.0, 18.0
-25.0, 16.0
-29.0, 14.0
-33.0, 12.0
-36.0, 11.0
-40.0, 8.0
-42.0, 5.0
-47.0, 5.0
-52.0, 4.0
-54.0, 4.0
-56.0, 4.0
-60.0, 1.0
-65.0, 2.0
-66.0, 2.0
-68.0, 2.0
-70.0, 2.0
-73.0, 3.0
-75.0, 5.0
-78.0, 7.0
-81.0, 8.0
-83.0, 9.0
-85.0, 9.0
-86.0, 9.0
-88.0, 10.0