black
-101.0, 118.0
-102.0, 118.0
-104.0, 118.0
-104.0, 115.0
-105.0, 112.0
-105.0, 109.0
-105.0, 107.0
-107.0, 104.0
-107.0, 102.0
-107.0, 99.0
-106.0, 98.0
-106.0, 96.0
-106.0, 93.0
-106.0, 91.0
-107.0, 86.0
-107.0, 83.0
-106.0, 80.0
-106.0, 78.0
-105.0, 74.0
-105.0, 73.0
-105.0, 69.0
-105.0, 67.0
-105.0, 63.0
-103.0, 61.0
-105.0, 55.0
-105.0, 52.0
-105.0, 48.0
-105.0, 44.0
-105.0, 42.0
-106.0, 36.0
-106.0, 31.0
-106.0, 30.0
-106.0, 27.0
-106.0, 25.0
-104.0, 20.0
-104.0, 18.0
-102.0, 14.0
-101.0, 12.0
-99.0, 10.0
-97.0, 8.0
-97.0, 8.0
-99.0, 10.0
-101.0, 12.0
-102.0, 14.0
-104.0, 18.0
-104.0, 20.0
-106.0, 25.0
-106.0, 27.0
-106.0, 30.0
-106.0, 31.0
-106.0, 36.0
-105.0, 42.0
-105.0, 44.0
-105.0, 48.0
-105.0, 52.0
-105.0, 55.0
-103.0, 61.0
-105.0, 63.0
-105.0, 67.0
-105.0, 69.0
-105.0, 73.0
-105.0, 74.0
-106.0, 78.0
-106.0, 80.0
-107.0, 83.0
-107.0, 86.0
-106.0, 91.0
-106.0, 93.0
-106.0, 96.0
-106.0, 98.0
-107.0, 99.0
-107.0, 102.0
-107.0, 104.0
-105.0, 107.0
-105.0, 109.0
-105.0, 112.0
-104.0, 115.0
-104.0, 118.0
-102.0, 118.0
-101.0, 118.0