black
-59.0, 160.0
-61.0, 160.0
-63.0, 162.0
-65.0, 162.0
-67.0, 162.0
-69.0, 164.0
-70.0, 166.0
-71.0, 166.0
-73.0, 166.0
-73.0, 166.0
-75.0, 166.0
-75.0, 166.0
-77.0, 166.0
-78.0, 166.0
-79.0, 165.0
-82.0, 165.0
-85.0, 164.0
-86.0, 163.0
-88.0, 163.0
-91.0, 160.0
-94.0, 159.0
-95.0, 159.0
-98.0, 156.0
-98.0, 155.0
-99.0, 153.0
-97.0, 152.0
-96.0, 152.0
-93.0, 150.0
-92.0, 150.0
-90.0, 150.0
-88.0, 150.0
-86.0, 151.0
-84.0, 151.0
-82.0, 151.0
-81.0, 152.0
-80.0, 152.0
-77.0, 153.0
-74.0, 153.0
-72.0, 153.0
-68.0, 153.0
-71.0, 153.0
-74.0, 153.0
-77.0, 153.0
-80.0, 152.0
-83.0, 151.0
-86.0, 149.0
-90.0, 149.0
-93.0, 147.0
-93.0, 146.0
-93.0, 146.0
-95.0, 143.0
-98.0, 142.0
-102.0, 139.0
-102.0, 137.0
-102.0, 135.0
-104.0, 130.0
-104.0, 122.0
-102.0, 119.0
-100.0, 117.0
-98.0, 116.0
-97.0, 116.0
-94.0, 118.0
-93.0, 120.0
-91.0, 122.0
-91.0, 124.0
-89.0, 125.0
-87.0, 127.0
-84.0, 129.0
-82.0, 130.0
-80.0, 130.0
-79.0, 131.0
-75.0, 134.0
-74.0, 134.0
-72.0, 136.0
-70.0, 136.0
-67.0, 137.0
-63.0, 139.0
-67.0, 139.0
-71.0, 137.0
-74.0, 136.0
-80.0, 134.0
-82.0, 132.0
-85.0, 131.0
-87.0, 128.0
-87.0, 127.0
-89.0, 124.0
-89.0, 122.0
-90.0, 118.0
-90.0, 115.0
-89.0, 112.0
-89.0, 110.0
-87.0, 107.0
-85.0, 107.0
-83.0, 107.0
-81.0, 109.0
-79.0, 110.0
-78.0, 113.0
-75.0, 116.0
-73.0, 118.0
-71.0, 121.0
-71.0, 121.0
-73.0, 118.0
-75.0, 116.0
-78.0, 113.0
-79.0, 110.0
-81.0, 109.0
-83.0, 107.0
-85.0, 107.0
-87.0, 107.0
-89.0, 110.0
-89.0, 112.0
-90.0, 115.0
-90.0, 118.0
-89.0, 122.0
-89.0, 124.0
-87.0, 127.0
-87.0, 128.0
-85.0, 131.0
-82.0, 132.0
-80.0, 134.0
-74.0, 136.0
-71.0, 137.0
-67.0, 139.0
-63.0, 139.0
-67.0, 137.0
-70.0, 136.0
-72.0, 136.0
-74.0, 134.0
-75.0, 134.0
-79.0, 131.0
-80.0, 130.0
-82.0, 130.0
-84.0, 129.0
-87.0, 127.0
-89.0, 125.0
-91.0, 124.0
-91.0, 122.0
-93.0, 120.0
-94.0, 118.0
-97.0, 116.0
-98.0, 116.0
-100.0, 117.0
-102.0, 119.0
-104.0, 122.0
-104.0, 130.0
-102.0, 135.0
-102.0, 137.0
-102.0, 139.0
-98.0, 142.0
-95.0, 143.0
-93.0, 146.0
-93.0, 146.0
-93.0, 147.0
-90.0, 149.0
-86.0, 149.0
-83.0, 151.0
-80.0, 152.0
-77.0, 153.0
-74.0, 153.0
-71.0, 153.0
-68.0, 153.0
-72.0, 153.0
-74.0, 153.0
-77.0, 153.0
-80.0, 152.0
-81.0, 152.0
-82.0, 151.0
-84.0, 151.0
-86.0, 151.0
-88.0, 150.0
-90.0, 150.0
-92.0, 150.0
-93.0, 150.0
-96.0, 152.0
-97.0, 152.0
-99.0, 153.0
-98.0, 155.0
-98.0, 156.0
-95.0, 159.0
-94.0, 159.0
-91.0, 160.0
-88.0, 163.0
-86.0, 163.0
-85.0, 164.0
-82.0, 165.0
-79.0, 165.0
-78.0, 166.0
-77.0, 166.0
-75.0, 166.0
-75.0, 166.0
-73.0, 166.0
-73.0, 166.0
-71.0, 166.0
-70.0, 166.0
-69.0, 164.0
-67.0, 162.0
-65.0, 162.0
-63.0, 162.0
-61.0, 160.0
-59.0, 160.0