black
-28.0, 118.0
-26.0, 119.0
-24.0, 119.0
-21.0, 119.0
-19.0, 119.0
-17.0, 119.0
-13.0, 118.0
-10.0, 115.0
-10.0, 114.0
-10.0, 114.0
-10.0, 115.0
-13.0, 118.0
-17.0, 119.0
-19.0, 119.0
-21.0, 119.0
-24.0, 119.0
-26.0, 119.0
-28.0, 118.0
-28.0, 118.0
-26.0, 119.0
-24.0, 119.0
-21.0, 119.0
-19.0, 119.0
-17.0, 119.0
-13.0, 118.0
-10.0, 115.0
-10.0, 114.0
-10.0, 114.0
-10.0, 115.0
-13.0, 118.0
-17.0, 119.0
-19.0, 119.0
-21.0, 119.0
-24.0, 119.0
-26.0, 119.0
-28.0, 118.0