black
125.0, 46.0
123.0, 47.0
121.0, 51.0
121.0, 55.0
120.0, 56.0
118.0, 57.0
118.0, 60.0
115.0, 66.0
114.0, 69.0
114.0, 72.0
112.0, 74.0
109.0, 79.0
109.0, 82.0
109.0, 79.0
110.0, 77.0
112.0, 73.0
113.0, 71.0
114.0, 68.0
114.0, 65.0
115.0, 59.0
115.0, 57.0
114.0, 55.0
111.0, 52.0
110.0, 50.0
107.0, 50.0
103.0, 51.0
100.0, 53.0
98.0, 55.0
95.0, 56.0
91.0, 62.0
91.0, 62.0
95.0, 56.0
98.0, 55.0
100.0, 53.0
103.0, 51.0
107.0, 50.0
110.0, 50.0
111.0, 52.0
114.0, 55.0
115.0, 57.0
115.0, 59.0
114.0, 65.0
114.0, 68.0
113.0, 71.0
112.0, 73.0
110.0, 77.0
109.0, 79.0
109.0, 82.0
109.0, 79.0
112.0, 74.0
114.0, 72.0
114.0, 69.0
115.0, 66.0
118.0, 60.0
118.0, 57.0
120.0, 56.0
121.0, 55.0
121.0, 51.0
123.0, 47.0
125.0, 46.0